9.230402 0.715556 0.710000
5.405720 0.651111 0.730000
2.371582 0.702222 0.690000
2.154480 0.697778 0.700000
1.340196 0.630000 0.680000
1.248879 0.704444 0.720000
1.325819 0.682222 0.700000
1.109752 0.665556 0.680000
0.912088 0.722222 0.720000
1.143769 0.680000 0.690000
0.886421 0.691111 0.690000
0.880057 0.648889 0.680000
0.746602 0.650000 0.690000
0.883491 0.704444 0.700000
0.845349 0.693333 0.710000
0.771305 0.678889 0.700000
0.621874 0.713333 0.710000
0.686105 0.641111 0.680000
0.770739 0.715556 0.700000
0.696677 0.693333 0.710000
0.708234 0.718889 0.740000
0.659264 0.675556 0.720000
0.635712 0.697778 0.700000
0.634049 0.704444 0.670000
0.624854 0.716667 0.730000
0.649212 0.661111 0.640000
0.619102 0.717778 0.730000
0.646771 0.715556 0.720000
0.601870 0.723333 0.750000
0.623370 0.723333 0.720000
0.624025 0.712222 0.730000
0.588272 0.712222 0.750000
0.647068 0.668889 0.710000
0.579103 0.626667 0.680000
0.664948 0.676667 0.680000
0.647394 0.662222 0.720000
0.626338 0.722222 0.710000
0.623966 0.715556 0.720000
0.628849 0.716667 0.710000
0.603902 0.720000 0.710000
0.624298 0.692222 0.770000
0.628720 0.721111 0.720000
0.604942 0.717778 0.730000
0.589436 0.711111 0.710000
0.599963 0.713333 0.710000
0.608752 0.697778 0.730000
0.611131 0.693333 0.720000
0.606747 0.610000 0.660000
0.623030 0.603333 0.650000
0.603502 0.701111 0.740000
0.591361 0.718889 0.720000
0.614586 0.711111 0.730000
0.585707 0.710000 0.740000
0.569953 0.718889 0.740000
0.582845 0.715556 0.710000
0.603952 0.726667 0.710000
0.610386 0.678889 0.700000
0.593894 0.721111 0.730000
0.587146 0.712222 0.720000
0.599333 0.727778 0.720000
0.583660 0.716667 0.740000
0.583481 0.720000 0.700000
0.572984 0.716667 0.700000
0.605104 0.721111 0.700000
0.608493 0.711111 0.720000
0.613715 0.685556 0.700000
0.577927 0.710000 0.730000
0.608073 0.674444 0.750000
0.595541 0.721111 0.740000
0.583425 0.721111 0.740000
0.616640 0.715556 0.720000
0.599879 0.722222 0.730000
0.595962 0.697778 0.720000
0.607103 0.714444 0.730000
0.560885 0.698889 0.710000
0.586675 0.722222 0.730000
0.583952 0.711111 0.740000
0.589580 0.715556 0.700000
0.600558 0.713333 0.700000
0.575786 0.713333 0.710000
0.599902 0.722222 0.700000
0.578269 0.633333 0.700000
0.618242 0.702222 0.790000
0.594849 0.723333 0.710000
0.615505 0.701111 0.710000
0.601632 0.693333 0.710000
0.580342 0.690000 0.740000
0.607129 0.705556 0.730000
0.577398 0.694444 0.690000
0.598065 0.714444 0.700000
0.572732 0.721111 0.730000
0.616528 0.720000 0.710000
0.571272 0.716667 0.740000
0.607066 0.715556 0.740000
0.616345 0.722222 0.730000
0.604492 0.668889 0.700000
0.616541 0.710000 0.740000
0.599680 0.712222 0.700000
0.577558 0.716667 0.750000
0.598791 0.703333 0.750000
0.567151 0.716667 0.730000
0.583133 0.714444 0.730000
0.598512 0.714444 0.740000
0.591266 0.717778 0.720000
0.596585 0.713333 0.720000
0.582160 0.715556 0.720000
0.542730 0.715556 0.710000
0.582181 0.701111 0.710000
0.593616 0.714444 0.730000
0.562502 0.717778 0.720000
0.574799 0.717778 0.710000
0.577788 0.715556 0.720000
0.564605 0.703333 0.700000
0.566232 0.718889 0.740000
0.572536 0.721111 0.720000
0.592431 0.717778 0.730000
0.574023 0.715556 0.720000
0.588927 0.720000 0.730000
0.600966 0.716667 0.700000
0.575927 0.713333 0.740000
0.593545 0.717778 0.720000
0.594724 0.724444 0.710000
0.585601 0.713333 0.720000
0.576111 0.678889 0.730000
0.598557 0.714444 0.720000
0.580402 0.717778 0.730000
0.584675 0.703333 0.710000
0.593740 0.701111 0.710000
0.565634 0.714444 0.720000
0.599677 0.702222 0.720000
0.576810 0.716667 0.720000
0.601613 0.722222 0.740000
0.561327 0.705556 0.720000
0.585386 0.706667 0.730000
0.573011 0.707778 0.720000
0.587387 0.717778 0.730000
0.599069 0.704444 0.700000
0.573578 0.714444 0.730000
0.586772 0.697778 0.730000
0.588425 0.716667 0.720000
0.566888 0.717778 0.710000
0.565921 0.718889 0.720000
0.566742 0.718889 0.730000
0.570997 0.684444 0.690000
0.563576 0.718889 0.730000
0.615870 0.713333 0.720000
0.591679 0.717778 0.720000
0.572067 0.712222 0.710000
0.571543 0.720000 0.710000
0.587593 0.711111 0.710000
0.561603 0.712222 0.720000
0.551000 0.713333 0.710000
0.571478 0.706667 0.720000
0.571107 0.718889 0.720000
0.572695 0.715556 0.720000
0.574457 0.704444 0.720000
0.577312 0.720000 0.720000
0.568221 0.718889 0.710000
0.568057 0.717778 0.710000
0.547142 0.715556 0.710000
0.552214 0.717778 0.710000
0.582290 0.722222 0.730000
0.568229 0.716667 0.720000
0.589884 0.713333 0.720000
0.581669 0.715556 0.730000
0.567329 0.715556 0.720000
0.563806 0.724444 0.710000
0.547221 0.718889 0.710000
0.578544 0.723333 0.730000
0.563358 0.723333 0.730000
0.569910 0.707778 0.700000
0.580858 0.716667 0.710000
0.565956 0.717778 0.710000
0.553475 0.727778 0.730000
0.558579 0.715556 0.710000
0.546331 0.721111 0.710000
0.569560 0.721111 0.720000
0.581693 0.724444 0.730000
0.569932 0.723333 0.720000
0.580441 0.714444 0.700000
0.564760 0.717778 0.700000
0.546398 0.724444 0.720000
0.574164 0.722222 0.730000
0.563564 0.723333 0.720000
0.560394 0.712222 0.720000
0.562101 0.722222 0.720000
0.560781 0.711111 0.710000
0.564395 0.722222 0.720000
0.565915 0.721111 0.720000
0.565607 0.717778 0.710000
0.563035 0.713333 0.710000
0.558983 0.710000 0.710000
0.566527 0.713333 0.700000
0.576691 0.717778 0.710000
0.587137 0.713333 0.710000
0.576376 0.716667 0.690000
0.567468 0.715556 0.700000
0.561505 0.715556 0.730000
0.555790 0.725556 0.710000
0.572205 0.720000 0.700000
0.572281 0.727778 0.710000
0.564057 0.726667 0.720000
0.567752 0.715556 0.730000
0.572607 0.723333 0.720000
0.562382 0.718889 0.710000
0.554859 0.717778 0.710000
0.574379 0.720000 0.720000
0.565121 0.722222 0.730000
0.552333 0.716667 0.720000
0.531659 0.724444 0.720000
0.554206 0.718889 0.720000
0.553571 0.722222 0.690000
0.535001 0.715556 0.710000
0.587917 0.714444 0.700000
0.560696 0.716667 0.710000
0.558167 0.721111 0.710000
0.570788 0.720000 0.710000
0.550535 0.715556 0.710000
0.584777 0.720000 0.680000
0.557801 0.720000 0.740000
0.563867 0.723333 0.700000
0.564743 0.708889 0.710000
0.557309 0.711111 0.720000
0.565547 0.715556 0.710000
0.562540 0.724444 0.710000
0.562126 0.724444 0.730000
0.570519 0.720000 0.700000
0.550805 0.726667 0.690000
0.546944 0.717778 0.700000
0.568551 0.714444 0.690000
0.558013 0.710000 0.710000
0.549966 0.723333 0.710000
0.556842 0.713333 0.720000
0.549975 0.720000 0.700000
0.545740 0.714444 0.720000
0.553532 0.726667 0.750000
0.571461 0.716667 0.700000
0.547599 0.722222 0.700000
0.568324 0.714444 0.710000
0.571207 0.718889 0.700000
0.548199 0.723333 0.700000
0.570598 0.727778 0.700000
0.541749 0.734444 0.730000
0.550145 0.703333 0.710000
0.560550 0.716667 0.710000
0.561260 0.724444 0.700000
0.533380 0.718889 0.700000
0.557789 0.714444 0.700000
0.533414 0.731111 0.720000
0.533035 0.723333 0.710000
0.518461 0.724444 0.730000
0.531019 0.722222 0.710000
0.549277 0.726667 0.720000
0.540763 0.720000 0.730000
0.542591 0.711111 0.710000
0.534040 0.720000 0.700000
0.556797 0.714444 0.710000
0.544663 0.718889 0.710000
0.535912 0.726667 0.720000
0.552976 0.707778 0.710000
0.541589 0.721111 0.710000
0.545370 0.702222 0.720000
0.560988 0.723333 0.710000
0.556121 0.716667 0.700000
0.557486 0.720000 0.710000
0.541012 0.720000 0.700000
0.553589 0.724444 0.710000
0.526594 0.713333 0.700000
0.537460 0.712222 0.710000
0.555101 0.724444 0.690000
0.544957 0.727778 0.760000
0.542700 0.720000 0.720000
0.526050 0.718889 0.700000
0.540383 0.716667 0.700000
0.553875 0.728889 0.760000
0.566401 0.723333 0.710000
0.550471 0.717778 0.720000
0.558053 0.694444 0.710000
0.521889 0.717778 0.730000
0.530226 0.723333 0.700000
0.545010 0.718889 0.710000
0.560902 0.718889 0.710000
0.545438 0.715556 0.700000
0.541176 0.715556 0.710000
0.546255 0.730000 0.700000
0.547872 0.723333 0.700000
0.544205 0.726667 0.700000
0.549674 0.725556 0.710000
0.555255 0.723333 0.710000
0.529848 0.732222 0.700000
0.540473 0.720000 0.730000
0.549255 0.725556 0.720000
0.539459 0.717778 0.720000
0.560119 0.712222 0.700000
0.540013 0.726667 0.720000
0.529276 0.721111 0.700000
0.542685 0.721111 0.710000
0.547976 0.715556 0.720000
0.556000 0.711111 0.720000
0.551160 0.714444 0.710000
0.544942 0.717778 0.700000
0.542572 0.720000 0.700000
0.560137 0.723333 0.700000
0.540101 0.714444 0.730000
0.553257 0.694444 0.710000
0.531653 0.722222 0.720000
0.536168 0.716667 0.720000
0.544377 0.726667 0.720000
0.515829 0.696667 0.720000
0.542554 0.687778 0.690000
0.554642 0.713333 0.710000
0.540212 0.722222 0.720000
0.551012 0.730000 0.730000
0.540273 0.721111 0.720000
0.537146 0.725556 0.710000
0.547594 0.722222 0.710000
0.540971 0.727778 0.710000
0.535010 0.714444 0.710000
0.533015 0.725556 0.710000
0.545959 0.720000 0.720000
0.534835 0.715556 0.700000
0.547652 0.715556 0.710000
0.528254 0.725556 0.710000
0.542154 0.725556 0.700000
0.525356 0.722222 0.720000
0.549594 0.725556 0.700000
0.542756 0.724444 0.700000
0.533586 0.726667 0.700000
0.545468 0.714444 0.720000
0.550506 0.723333 0.710000
0.530102 0.720000 0.700000
0.535291 0.721111 0.710000
0.536989 0.724444 0.700000
0.533919 0.717778 0.710000
0.542152 0.720000 0.700000
0.526439 0.715556 0.720000
0.520074 0.721111 0.700000
0.545512 0.718889 0.700000
0.555678 0.717778 0.700000
0.538091 0.713333 0.710000
0.555063 0.717778 0.700000
0.552295 0.720000 0.700000
0.548178 0.724444 0.700000
0.530644 0.717778 0.710000
0.536818 0.714444 0.700000
0.551827 0.712222 0.720000
0.539426 0.727778 0.710000
0.520810 0.730000 0.720000
0.527577 0.721111 0.710000
0.535657 0.722222 0.720000
