9.262261 0.716667 0.720000
4.720800 0.631111 0.650000
2.912344 0.658889 0.710000
1.955306 0.601111 0.590000
1.236742 0.696667 0.670000
1.232389 0.656667 0.660000
1.127915 0.680000 0.740000
1.067427 0.680000 0.670000
1.046499 0.702222 0.740000
1.328846 0.662222 0.680000
1.043669 0.671111 0.700000
0.843660 0.668889 0.710000
0.800596 0.696667 0.690000
0.971301 0.704444 0.720000
0.856659 0.671111 0.680000
0.708387 0.687778 0.700000
0.608489 0.722222 0.730000
0.672757 0.656667 0.700000
0.833202 0.712222 0.740000
0.667035 0.710000 0.680000
0.671854 0.687778 0.690000
0.682442 0.562222 0.570000
0.700623 0.693333 0.710000
0.658889 0.685556 0.690000
0.636621 0.671111 0.730000
0.637529 0.688889 0.710000
0.633286 0.723333 0.730000
0.649560 0.720000 0.710000
0.586132 0.701111 0.680000
0.617037 0.684444 0.730000
0.636566 0.703333 0.740000
0.591972 0.702222 0.730000
0.680519 0.717778 0.720000
0.594879 0.661111 0.640000
0.654377 0.698889 0.720000
0.671587 0.716667 0.730000
0.631739 0.702222 0.730000
0.623178 0.726667 0.710000
0.642080 0.720000 0.700000
0.659474 0.666667 0.650000
0.660839 0.684444 0.720000
0.626536 0.702222 0.750000
0.622302 0.714444 0.730000
0.591649 0.707778 0.680000
0.614950 0.720000 0.750000
0.630838 0.692222 0.680000
0.631002 0.714444 0.740000
0.604263 0.664444 0.720000
0.610417 0.632222 0.700000
0.616273 0.703333 0.730000
0.601830 0.700000 0.730000
0.619497 0.721111 0.710000
0.591690 0.685556 0.700000
0.578978 0.712222 0.760000
0.580680 0.713333 0.710000
0.611195 0.717778 0.700000
0.613902 0.677778 0.690000
0.599667 0.718889 0.720000
0.595389 0.710000 0.730000
0.600379 0.722222 0.710000
0.585063 0.720000 0.730000
0.583074 0.713333 0.670000
0.573744 0.720000 0.700000
0.607217 0.717778 0.710000
0.613511 0.718889 0.730000
0.619313 0.654444 0.640000
0.588588 0.695556 0.730000
0.616677 0.691111 0.750000
0.604108 0.720000 0.690000
0.588346 0.705556 0.720000
0.620673 0.705556 0.720000
0.596507 0.720000 0.730000
0.609065 0.705556 0.730000
0.632472 0.674444 0.690000
0.564737 0.697778 0.730000
0.600227 0.712222 0.710000
0.601510 0.684444 0.700000
0.591468 0.723333 0.710000
0.602945 0.718889 0.710000
0.568625 0.710000 0.720000
0.618794 0.692222 0.700000
0.587726 0.720000 0.740000
0.611164 0.721111 0.710000
0.595229 0.725556 0.720000
0.611780 0.715556 0.700000
0.611741 0.701111 0.750000
0.578315 0.666667 0.730000
0.603992 0.680000 0.710000
0.572738 0.711111 0.740000
0.597038 0.716667 0.700000
0.575685 0.697778 0.740000
0.611192 0.713333 0.700000
0.577449 0.693333 0.730000
0.603427 0.717778 0.690000
0.610436 0.714444 0.720000
0.597240 0.672222 0.700000
0.603434 0.688889 0.750000
0.595850 0.722222 0.710000
0.576901 0.713333 0.730000
0.590700 0.710000 0.730000
0.565884 0.715556 0.720000
0.579454 0.715556 0.720000
0.584676 0.720000 0.720000
0.579687 0.710000 0.740000
0.590417 0.716667 0.720000
0.568806 0.721111 0.720000
0.538990 0.722222 0.730000
0.584487 0.712222 0.710000
0.578809 0.708889 0.740000
0.562469 0.707778 0.720000
0.567141 0.724444 0.690000
0.572929 0.722222 0.700000
0.563731 0.696667 0.720000
0.563666 0.708889 0.740000
0.566833 0.724444 0.700000
0.582690 0.705556 0.750000
0.577201 0.716667 0.710000
0.573723 0.718889 0.720000
0.602324 0.711111 0.710000
0.575446 0.715556 0.740000
0.589217 0.708889 0.730000
0.589160 0.721111 0.710000
0.582360 0.696667 0.740000
0.568081 0.663333 0.710000
0.587756 0.696667 0.690000
0.578373 0.724444 0.700000
0.586275 0.673333 0.720000
0.590175 0.680000 0.750000
0.559469 0.720000 0.710000
0.587480 0.687778 0.730000
0.573269 0.703333 0.710000
0.594018 0.716667 0.720000
0.558416 0.716667 0.720000
0.583414 0.722222 0.740000
0.562453 0.716667 0.700000
0.590285 0.727778 0.740000
0.587465 0.708889 0.720000
0.576059 0.681111 0.750000
0.576492 0.720000 0.730000
0.589759 0.721111 0.710000
0.562055 0.702222 0.710000
0.565533 0.724444 0.740000
0.568065 0.704444 0.750000
0.566198 0.681111 0.690000
0.561849 0.725556 0.740000
0.606134 0.721111 0.720000
0.580611 0.718889 0.730000
0.552130 0.721111 0.720000
0.570414 0.721111 0.730000
0.586227 0.723333 0.710000
0.557158 0.722222 0.720000
0.551777 0.722222 0.750000
0.564189 0.712222 0.710000
0.566132 0.718889 0.740000
0.567814 0.715556 0.710000
0.571070 0.714444 0.730000
0.565491 0.716667 0.750000
0.559503 0.717778 0.730000
0.561407 0.720000 0.730000
0.541332 0.712222 0.730000
0.543617 0.717778 0.710000
0.567015 0.721111 0.730000
0.565195 0.718889 0.740000
0.593275 0.717778 0.680000
0.582725 0.707778 0.700000
0.563641 0.726667 0.710000
0.546937 0.720000 0.730000
0.538963 0.728889 0.720000
0.561485 0.720000 0.740000
0.557152 0.721111 0.740000
0.560832 0.707778 0.720000
0.560342 0.712222 0.740000
0.547000 0.721111 0.730000
0.548267 0.726667 0.740000
0.553221 0.715556 0.720000
0.540558 0.713333 0.720000
0.561073 0.726667 0.730000
0.565180 0.718889 0.740000
0.558197 0.716667 0.710000
0.572845 0.723333 0.730000
0.564396 0.721111 0.720000
0.539928 0.728889 0.740000
0.568435 0.724444 0.720000
0.552400 0.722222 0.750000
0.547798 0.708889 0.710000
0.547061 0.718889 0.730000
0.547034 0.721111 0.730000
0.549686 0.698889 0.700000
0.564047 0.722222 0.730000
0.558209 0.718889 0.720000
0.556614 0.723333 0.720000
0.549334 0.716667 0.720000
0.544544 0.706667 0.710000
0.564811 0.717778 0.740000
0.562288 0.727778 0.750000
0.566284 0.714444 0.730000
0.557283 0.704444 0.710000
0.550822 0.703333 0.720000
0.550079 0.713333 0.720000
0.573049 0.708889 0.700000
0.567013 0.734444 0.740000
0.540532 0.717778 0.750000
0.561634 0.720000 0.730000
0.568629 0.697778 0.720000
0.555379 0.711111 0.750000
0.540647 0.720000 0.720000
0.560149 0.716667 0.730000
0.554029 0.725556 0.740000
0.540059 0.718889 0.730000
0.521968 0.731111 0.740000
0.546045 0.720000 0.730000
0.538349 0.726667 0.740000
0.531303 0.715556 0.720000
0.573826 0.715556 0.720000
0.552554 0.714444 0.720000
0.550314 0.696667 0.700000
0.555346 0.726667 0.740000
0.538889 0.705556 0.720000
0.571381 0.720000 0.740000
0.553918 0.715556 0.740000
0.556394 0.723333 0.740000
0.555936 0.705556 0.720000
0.546920 0.710000 0.710000
0.562642 0.716667 0.720000
0.557970 0.711111 0.710000
0.548053 0.720000 0.730000
0.554539 0.718889 0.750000
0.542188 0.723333 0.740000
0.539479 0.715556 0.720000
0.565238 0.710000 0.720000
0.548730 0.716667 0.720000
0.531447 0.716667 0.740000
0.536933 0.704444 0.710000
0.535694 0.720000 0.740000
0.531071 0.722222 0.750000
0.545531 0.724444 0.730000
0.568327 0.712222 0.720000
0.540230 0.730000 0.740000
0.570100 0.717778 0.710000
0.558025 0.725556 0.730000
0.545432 0.728889 0.740000
0.559991 0.721111 0.730000
0.541519 0.727778 0.740000
0.542395 0.715556 0.710000
0.549714 0.717778 0.740000
0.543902 0.715556 0.730000
0.534850 0.723333 0.730000
0.553170 0.714444 0.720000
0.528912 0.724444 0.740000
0.534305 0.717778 0.730000
0.515308 0.731111 0.750000
0.526205 0.715556 0.710000
0.534428 0.723333 0.750000
0.546539 0.724444 0.740000
0.543714 0.717778 0.740000
0.531930 0.720000 0.730000
0.557639 0.707778 0.700000
0.545866 0.716667 0.740000
0.538166 0.725556 0.740000
0.554790 0.708889 0.700000
0.543536 0.721111 0.750000
0.538392 0.704444 0.710000
0.554001 0.720000 0.740000
0.557546 0.717778 0.740000
0.551258 0.714444 0.740000
0.542610 0.717778 0.740000
0.549237 0.725556 0.740000
0.525988 0.716667 0.730000
0.530740 0.707778 0.710000
0.549964 0.722222 0.740000
0.544015 0.726667 0.730000
0.546621 0.718889 0.730000
0.533664 0.717778 0.740000
0.536200 0.711111 0.710000
0.541677 0.730000 0.750000
0.561335 0.721111 0.730000
0.546814 0.710000 0.740000
0.550960 0.702222 0.690000
0.520008 0.720000 0.730000
0.534761 0.721111 0.740000
0.540425 0.710000 0.710000
0.555412 0.718889 0.740000
0.548063 0.722222 0.730000
0.546403 0.714444 0.730000
0.544315 0.724444 0.750000
0.535729 0.717778 0.740000
0.542609 0.721111 0.750000
0.551885 0.728889 0.740000
0.550357 0.720000 0.730000
0.527362 0.725556 0.740000
0.542922 0.722222 0.740000
0.552593 0.716667 0.730000
0.540814 0.716667 0.730000
0.564546 0.714444 0.730000
0.531119 0.723333 0.740000
0.524783 0.724444 0.750000
0.542820 0.720000 0.730000
0.542532 0.716667 0.720000
0.549014 0.710000 0.710000
0.549692 0.712222 0.710000
0.540708 0.720000 0.740000
0.544030 0.718889 0.730000
0.555918 0.720000 0.740000
0.539175 0.714444 0.720000
0.553983 0.714444 0.710000
0.530626 0.722222 0.730000
0.540693 0.720000 0.730000
0.544783 0.721111 0.730000
0.523511 0.703333 0.700000
0.544642 0.707778 0.710000
0.552492 0.717778 0.740000
0.532083 0.728889 0.730000
0.556039 0.724444 0.740000
0.533392 0.715556 0.730000
0.539359 0.721111 0.750000
0.536343 0.723333 0.720000
0.541287 0.727778 0.750000
0.534724 0.717778 0.740000
0.534824 0.722222 0.740000
0.539953 0.722222 0.740000
0.537350 0.718889 0.740000
0.545611 0.707778 0.700000
0.527940 0.727778 0.740000
0.545509 0.716667 0.720000
0.530750 0.710000 0.710000
0.545742 0.718889 0.740000
0.549199 0.723333 0.740000
0.529804 0.721111 0.730000
0.543560 0.710000 0.710000
0.542922 0.717778 0.720000
0.535041 0.727778 0.740000
0.536125 0.716667 0.720000
0.536205 0.724444 0.740000
0.528895 0.708889 0.710000
0.541445 0.715556 0.710000
0.519154 0.715556 0.720000
0.520629 0.721111 0.730000
0.544176 0.715556 0.750000
0.560042 0.717778 0.740000
0.536293 0.717778 0.720000
0.554709 0.722222 0.730000
0.542865 0.727778 0.750000
0.545850 0.721111 0.740000
0.526114 0.721111 0.740000
0.537747 0.720000 0.740000
0.554147 0.720000 0.740000
0.544818 0.718889 0.750000
0.524710 0.718889 0.740000
0.531095 0.710000 0.720000
0.536304 0.716667 0.730000
